
TARGET: 

[200~Good values: [2198, 2199, 2202, 2204, 2207, 2210, 2211, 2214, 2220, 2222, 2224, 2229, 2233, 2235, 2236, 2240, 2242, 2242, 2243, 2243, 2244, 2244, 2248, 2249]
24 ranges: 2226.6 cm [2198 ... 2249]
All values : [2178, 2187, 2198, 2198, 2199, 2202, 2204, 2207, 2210, 2211, 2214, 2220, 2222, 2224, 2229, 2233, 2235, 2236, 2240, 2242, 2242, 2243, 2243, 2244, 2244, 2248, 2249, 2263, 2268, 2276]
30 ranges: 2227.0 cm [2178 ... 2276]


reading 2
Good values: [2239, 2246, 2247, 2253, 2261, 2266, 2266, 2274, 2275, 2279, 2281, 2283, 2289, 2292, 2294, 2294, 2294, 2298, 2299, 2301, 2302, 2308, 2318, 2324]
24 ranges: 2282.6 cm [2239 ... 2324]
All values : [2223, 2226, 2234, 2239, 2246, 2247, 2253, 2261, 2266, 2266, 2274, 2275, 2279, 2281, 2283, 2289, 2292, 2294, 2294, 2294, 2298, 2299, 2301, 2302, 2308, 2318, 2324, 2333, 2335, 2347]
30 ranges: 2282.7 cm [2223 ... 2347]

Good values: [2295, 2298, 2299, 2303, 2307, 2313, 2320, 2321, 2322, 2322, 2322, 2324, 2324, 2327, 2331, 2334, 2336, 2339, 2340, 2340, 2345, 2351, 2363, 2373]
24 ranges: 2327.0 cm [2295 ... 2373]
All values : [2284, 2285, 2290, 2295, 2298, 2299, 2303, 2307, 2313, 2320, 2321, 2322, 2322, 2322, 2324, 2324, 2327, 2331, 2334, 2336, 2339, 2340, 2340, 2345, 2351, 2363, 2373, 2395, 2404, 2613]
30 ranges: 2337.3 cm [2284 ... 2613]


Offset included: 500
Good values: [1839, 1849, 1850, 1853, 1853, 1856, 1856, 1858, 1858, 1863, 1864, 1866, 1870, 1877, 1884, 1885, 1885, 1904, 1905, 1907, 1907, 1913, 1954, 1954]
24 ranges: 1879.6 cm [1839 ... 1954]
All values : [1825, 1827, 1835, 1839, 1849, 1850, 1853, 1853, 1856, 1856, 1858, 1858, 1863, 1864, 1866, 1870, 1877, 1884, 1885, 1885, 1904, 1905, 1907, 1907, 1913, 1954, 1954, 1966, 1966, 1967]
30 ranges: 1883.2 cm [1825 ... 1967]


Good values: [1746, 1747, 1754, 1754, 1757, 1760, 1761, 1765, 1766, 1767, 1767, 1767, 1770, 1772, 1772, 1772, 1775, 1779, 1779, 1782, 1783, 1786, 1789, 1793]
24 ranges: 1769.3 cm [1746 ... 1793]
All values : [1731, 1735, 1744, 1746, 1747, 1754, 1754, 1757, 1760, 1761, 1765, 1766, 1767, 1767, 1767, 1770, 1772, 1772, 1772, 1775, 1779, 1779, 1782, 1783, 1786, 1789, 1793, 1793, 1794, 1813]
30 ranges: 1769.1 cm [1731 ... 1813]



Good values: [1724, 1726, 1728, 1730, 1731, 1734, 1738, 1746, 1751, 1754, 1757, 1760, 1761, 1761, 1762, 1768, 1769, 1770, 1770, 1775, 1776, 1782, 1790, 1793]
24 ranges: 1756.5 cm [1724 ... 1793]
All values : [1696, 1717, 1720, 1724, 1726, 1728, 1730, 1731, 1734, 1738, 1746, 1751, 1754, 1757, 1760, 1761, 1761, 1762, 1768, 1769, 1770, 1770, 1775, 1776, 1782, 1790, 1793, 1794, 1834, 1840]
30 ranges: 1758.6 cm [1696 ... 1840]


Good values: [1753, 1753, 1756, 1765, 1768, 1770, 1772, 1772, 1774, 1776, 1778, 1778, 1788, 1788, 1790, 1792, 1793, 1794, 1795, 1797, 1798, 1801, 1801, 1811]
24 ranges: 1781.8 cm [1753 ... 1811]
All values : [1725, 1735, 1749, 1753, 1753, 1756, 1765, 1768, 1770, 1772, 1772, 1774, 1776, 1778, 1778, 1788, 1788, 1790, 1792, 1793, 1794, 1795, 1797, 1798, 1801, 1801, 1811, 1811, 1822, 1823]
30 ranges: 1780.9 cm [1725 ... 1823]

Good values: [1739, 1743, 1748, 1749, 1753, 1754, 1759, 1761, 1761, 1761, 1761, 1763, 1765, 1767, 1770, 1774, 1775, 1775, 1775, 1778, 1778, 1779, 1781, 1784]
24 ranges: 1764.7 cm [1739 ... 1784]
All values : [1723, 1731, 1733, 1739, 1743, 1748, 1749, 1753, 1754, 1759, 1761, 1761, 1761, 1761, 1763, 1765, 1767, 1770, 1774, 1775, 1775, 1775, 1778, 1778, 1779, 1781, 1784, 1786, 1792, 1794]
30 ranges: 1763.7 cm [1723 ... 1794]



Target:

Good values: [2226, 2230, 2231, 2233, 2238, 2239, 2239, 2239, 2240, 2242, 2243, 2246, 2249, 2252, 2257, 2259, 2262, 2263, 2270, 2270, 2272, 2275, 2279, 2280]
24 ranges: 2251.4 cm [2226 ... 2280]
All values : [2205, 2219, 2222, 2226, 2230, 2231, 2233, 2238, 2239, 2239, 2239, 2240, 2242, 2243, 2246, 2249, 2252, 2257, 2259, 2262, 2263, 2270, 2270, 2272, 2275, 2279, 2280, 2289, 2289, 2290]
30 ranges: 2251.6 cm [2205 ... 2290]


Good values: [2216, 2217, 2217, 2217, 2220, 2220, 2225, 2227, 2230, 2230, 2230, 2239, 2239, 2240, 2240, 2242, 2244, 2248, 2249, 2256, 2256, 2256, 2261, 2267]
24 ranges: 2236.9 cm [2216 ... 2267]
All values : [2177, 2203, 2211, 2216, 2217, 2217, 2217, 2220, 2220, 2225, 2227, 2230, 2230, 2230, 2239, 2239, 2240, 2240, 2242, 2244, 2248, 2249, 2256, 2256, 2256, 2261, 2267, 2271, 2272]
30 ranges: 2160.7 cm [2177 ... 2272]


Good values: [2222, 2224, 2224, 2224, 2225, 2226, 2234, 2234, 2235, 2239, 2240, 2240, 2245, 2245, 2249, 2252, 2254, 2256, 2257, 2257, 2258, 2261, 2263, 2265]
24 ranges: 2242.9 cm [2222 ... 2265]
All values : [2206, 2218, 2220, 2222, 2224, 2224, 2224, 2225, 2226, 2234, 2234, 2235, 2239, 2240, 2240, 2245, 2245, 2249, 2252, 2254, 2256, 2257, 2257, 2258, 2261, 2263, 2265, 2290, 2295, 2299]
30 ranges: 2245.2 cm [2206 ... 2299]


with offset:465
Good values: [1727, 1731, 1742, 1743, 1745, 1745, 1747, 1750, 1756, 1758, 1765, 1765, 1766, 1770, 1779, 1783, 1784, 1786, 1786, 1788, 1789, 1791, 1798, 1801]
24 ranges: 1766.5 cm [1727 ... 1801]
All values : [1713, 1716, 1726, 1727, 1731, 1742, 1743, 1745, 1745, 1747, 1750, 1756, 1758, 1765, 1765, 1766, 1770, 1779, 1783, 1784, 1786, 1786, 1788, 1789, 1791, 1798, 1801, 1802, 1807, 1815]
30 ranges: 1765.8 cm [1713 ... 1815]


Good values: [1745, 1749, 1751, 1759, 1763, 1772, 1774, 1774, 1775, 1782, 1782, 1784, 1786, 1786, 1787, 1788, 1793, 1798, 1814, 1814, 1815, 1820, 1822, 1823]
24 ranges: 1785.7 cm [1745 ... 1823]
All values : [1733, 1738, 1742, 1745, 1749, 1751, 1759, 1763, 1772, 1774, 1774, 1775, 1782, 1782, 1784, 1786, 1786, 1787, 1788, 1793, 1798, 1814, 1814, 1815, 1820, 1822, 1823, 1825, 1860, 1865]
30 ranges: 1787.3 cm [1733 ... 1865]

Good values: [1750, 1750, 1756, 1756, 1759, 1767, 1770, 1770, 1773, 1774, 1775, 1782, 1783, 1784, 1787, 1789, 1791, 1791, 1792, 1793, 1795, 1796, 1796, 1797]
24 ranges: 1778.2 cm [1750 ... 1797]
All values : [1736, 1743, 1746, 1750, 1750, 1756, 1756, 1759, 1767, 1770, 1770, 1773, 1774, 1775, 1782, 1783, 1784, 1787, 1789, 1791, 1791, 1792, 1793, 1795, 1796, 1796, 1797, 1797, 1798, 1804]
30 ranges: 1776.7 cm [1736 ... 1804]

Good values: [1745, 1749, 1751, 1752, 1769, 1772, 1772, 1773, 1778, 1779, 1780, 1782, 1783, 1783, 1783, 1786, 1787, 1788, 1788, 1789, 1793, 1798, 1807, 1815]
24 ranges: 1779.3 cm [1745 ... 1815]
All values : [1726, 1729, 1745, 1745, 1749, 1751, 1752, 1769, 1772, 1772, 1773, 1778, 1779, 1780, 1782, 1783, 1783, 1783, 1786, 1787, 1788, 1788, 1789, 1793, 1798, 1807, 1815, 1821, 1823, 1823]
30 ranges: 1779.0 cm [1726 ... 1823]

Good values: [1760, 1765, 1766, 1770, 1772, 1774, 1782, 1784, 1786, 1787, 1788, 1789, 1793, 1795, 1795, 1796, 1796, 1797, 1797, 1798, 1801, 1802, 1802, 1804]
24 ranges: 1787.5 cm [1760 ... 1804]
All values : [1742, 1751, 1759, 1760, 1765, 1766, 1770, 1772, 1774, 1782, 1784, 1786, 1787, 1788, 1789, 1793, 1795, 1795, 1796, 1796, 1797, 1797, 1798, 1801, 1802, 1802, 1804, 1810, 1818, 1820]
30 ranges: 1786.6 cm [1742 ... 1820]


Target=00_00_00_01_F0_84
Good values: [2521, 2521, 2523, 2537, 2543, 2544, 2559, 2560, 2563, 2564, 2567, 2568, 2569, 2572, 2578, 2591, 2603, 2604, 2605, 2621, 2623, 2624, 2632, 2647]
24 ranges: 2576.6 cm [2521 ... 2647]
All values : [2504, 2514, 2518, 2521, 2521, 2523, 2537, 2543, 2544, 2559, 2560, 2563, 2564, 2567, 2568, 2569, 2572, 2578, 2591, 2603, 2604, 2605, 2621, 2623, 2624, 2632, 2647, 2655, 2691]
30 ranges: 2490.7 cm [2504 ... 2691]

Good values: [2551, 2552, 2556, 2557, 2564, 2565, 2567, 2573, 2578, 2582, 2603, 2603, 2610, 2626, 2633, 2641, 2641, 2663, 2663, 2664, 2664, 2668, 2672, 2672]
24 ranges: 2611.2 cm [2551 ... 2672]
All values : [2518, 2522, 2549, 2551, 2552, 2556, 2557, 2564, 2565, 2567, 2573, 2578, 2582, 2603, 2603, 2610, 2626, 2633, 2641, 2641, 2663, 2663, 2664, 2664, 2668, 2672, 2672, 2702, 2702]
30 ranges: 2522.0 cm [2518 ... 2702]

Good values: [2473, 2499, 2500, 2505, 2508, 2509, 2533, 2546, 2551, 2553, 2568, 2572, 2573, 2583, 2584, 2585, 2598, 2603, 2606, 2607, 2608, 2613, 2630, 2640]
24 ranges: 2564.5 cm [2473 ... 2640]
All values : [2413, 2457, 2463, 2473, 2499, 2500, 2505, 2508, 2509, 2533, 2546, 2551, 2553, 2568, 2572, 2573, 2583, 2584, 2585, 2598, 2603, 2606, 2607, 2608, 2613, 2630, 2640, 2646, 2658]
30 ranges: 2472.8 cm [2413 ... 2658]


With offset:800
Good values: [1746, 1750, 1751, 1755, 1760, 1760, 1763, 1766, 1767, 1772, 1773, 1773, 1778, 1782, 1787, 1797, 1800, 1804, 1804, 1818, 1818, 1826, 1830, 1832]
24 ranges: 1783.8 cm [1746 ... 1832]
All values : [1719, 1729, 1732, 1746, 1750, 1751, 1755, 1760, 1760, 1763, 1766, 1767, 1772, 1773, 1773, 1778, 1782, 1787, 1797, 1800, 1804, 1804, 1818, 1818, 1826, 1830, 1832, 1832, 1840]
30 ranges: 1722.1 cm [1719 ... 1840]

Good values: [1783, 1784, 1787, 1796, 1799, 1808, 1810, 1817, 1817, 1823, 1825, 1828, 1828, 1828, 1831, 1831, 1845, 1849, 1855, 1857, 1874, 1882, 1883, 1902]
24 ranges: 1830.9 cm [1783 ... 1902]
All values : [1722, 1756, 1758, 1783, 1784, 1787, 1796, 1799, 1808, 1810, 1817, 1817, 1823, 1825, 1828, 1828, 1828, 1831, 1831, 1845, 1849, 1855, 1857, 1874, 1882, 1883, 1902]
30 ranges: 1639.3 cm [1722 ... 1902]

Good values: [1717, 1727, 1727, 1734, 1737, 1737, 1745, 1746, 1750, 1753, 1759, 1761, 1763, 1766, 1767, 1768, 1769, 1769, 1784, 1786, 1792, 1795, 1801, 1804]
24 ranges: 1760.7 cm [1717 ... 1804]
All values : [1699, 1701, 1704, 1717, 1727, 1727, 1734, 1737, 1737, 1745, 1746, 1750, 1753, 1759, 1761, 1763, 1766, 1767, 1768, 1769, 1769, 1784, 1786, 1792, 1795, 1801, 1804, 1808, 1813, 1822]
30 ranges: 1760.1 cm [1699 ... 1822]

Good values: [1748, 1749, 1761, 1778, 1779, 1781, 1783, 1784, 1785, 1785, 1787, 1788, 1790, 1805, 1808, 1809, 1810, 1811, 1812, 1821, 1822, 1824, 1827, 1832]
24 ranges: 1795.0 cm [1748 ... 1832]
All values : [1736, 1741, 1746, 1748, 1749, 1761, 1778, 1779, 1781, 1783, 1784, 1785, 1785, 1787, 1788, 1790, 1805, 1808, 1809, 1810, 1811, 1812, 1821, 1822, 1824, 1827, 1832, 1842]
30 ranges: 1671.5 cm [1736 ... 1842]

Good values: [1753, 1759, 1761, 1762, 1763, 1763, 1764, 1766, 1768, 1769, 1769, 1769, 1771, 1774, 1782, 1784, 1791, 1796, 1796, 1797, 1805, 1807, 1850, 1851]
24 ranges: 1782.1 cm [1753 ... 1851]
All values : [1740, 1744, 1749, 1753, 1759, 1761, 1762, 1763, 1763, 1764, 1766, 1768, 1769, 1769, 1769, 1771, 1774, 1782, 1784, 1791, 1796, 1796, 1797, 1805, 1807, 1850, 1851, 1881, 1883, 1891]
30 ranges: 1788.6 cm [1740 ... 1891]

Good values: [1726, 1730, 1741, 1744, 1749, 1750, 1756, 1758, 1760, 1764, 1765, 1767, 1773, 1776, 1785, 1785, 1787, 1789, 1799, 1800, 1806, 1807, 1809, 1814]
24 ranges: 1772.5 cm [1726 ... 1814]
All values : [1712, 1722, 1725, 1726, 1730, 1741, 1744, 1749, 1750, 1756, 1758, 1760, 1764, 1765, 1767, 1773, 1776, 1785, 1785, 1787, 1789, 1799, 1800, 1806, 1807, 1809, 1814, 1822, 1829, 1847]
30 ranges: 1773.2 cm [1712 ... 1847]




NEW READING: 9m
TARGET: 00000001F084

Good values: [1339, 1340, 1344, 1352, 1353, 1356, 1356, 1357, 1360, 1361, 1364, 1365, 1365, 1369, 1369, 1371, 1375, 1378, 1380, 1382, 1387, 1391, 1393, 1399]
24 ranges: 1366.9 cm [1339 ... 1399]
All values : [1325, 1328, 1336, 1339, 1340, 1344, 1352, 1353, 1356, 1356, 1357, 1360, 1361, 1364, 1365, 1365, 1369, 1369, 1371, 1375, 1378, 1380, 1382, 1387, 1391, 1393, 1399, 1401, 1412, 1414]
30 ranges: 1367.4 cm [1325 ... 1414]


Good values: [1334, 1337, 1342, 1344, 1347, 1350, 1350, 1353, 1355, 1357, 1361, 1365, 1365, 1369, 1371, 1375, 1378, 1379, 1380, 1381, 1382, 1384, 1392, 1393]
24 ranges: 1364.3 cm [1334 ... 1393]
All values : [1316, 1327, 1332, 1334, 1337, 1342, 1344, 1347, 1350, 1350, 1353, 1355, 1357, 1361, 1365, 1365, 1369, 1371, 1375, 1378, 1379, 1380, 1381, 1382, 1384, 1392, 1393, 1393, 1394, 1408]
30 ranges: 1363.8 cm [1316 ... 1408]


Good values: [1376, 1385, 1391, 1391, 1394, 1398, 1401, 1410, 1411, 1414, 1415, 1417, 1419, 1419, 1420, 1423, 1437, 1439, 1449, 1451, 1453, 1454, 1456, 1456]
24 ranges: 1420.0 cm [1376 ... 1456]
All values : [1366, 1368, 1374, 1376, 1385, 1391, 1391, 1394, 1398, 1401, 1410, 1411, 1414, 1415, 1417, 1419, 1419, 1420, 1423, 1437, 1439, 1449, 1451, 1453, 1454, 1456, 1456, 1458, 1463, 1465]
30 ranges: 1419.1 cm [1366 ... 1465]



WITH OFFSET:480

Good values: [870, 871, 873, 884, 884, 888, 891, 893, 895, 897, 907, 911, 912, 913, 918, 919, 930, 931, 941, 944, 944, 950, 958, 958]
24 ranges: 911.7 cm [870 ... 958]
All values : [838, 856, 870, 870, 871, 873, 884, 884, 888, 891, 893, 895, 897, 907, 911, 912, 913, 918, 919, 930, 931, 941, 944, 944, 950, 958, 958, 959, 962, 976]
30 ranges: 911.4 cm [838 ... 976]

Good values: [880, 884, 885, 889, 893, 894, 896, 896, 911, 911, 912, 916, 921, 921, 923, 925, 926, 927, 927, 928, 928, 931, 935, 936]
24 ranges: 912.3 cm [880 ... 936]
All values : [847, 866, 868, 880, 884, 885, 889, 893, 894, 896, 896, 911, 911, 912, 916, 921, 921, 923, 925, 926, 927, 927, 928, 928, 931, 935, 936, 939, 951, 963]
30 ranges: 911.0 cm [847 ... 963]

Good values: [875, 886, 886, 888, 890, 894, 899, 900, 901, 902, 902, 903, 904, 905, 905, 907, 907, 907, 908, 909, 917, 923, 925, 927]
24 ranges: 902.9 cm [875 ... 927]
All values : [863, 866, 872, 875, 886, 886, 888, 890, 894, 899, 900, 901, 902, 902, 903, 904, 905, 905, 907, 907, 907, 908, 909, 917, 923, 925, 927, 931, 945, 959]
30 ranges: 903.5 cm [863 ... 959]


Target:00000001EBEE

Good values: [1543, 1544, 1549, 1554, 1558, 1558, 1561, 1561, 1562, 1563, 1570, 1572, 1574, 1575, 1575, 1576, 1580, 1581, 1582, 1587, 1588, 1588, 1589, 1592]
24 ranges: 1570.1 cm [1543 ... 1592]
All values : [1534, 1538, 1542, 1543, 1544, 1549, 1554, 1558, 1558, 1561, 1561, 1562, 1563, 1570, 1572, 1574, 1575, 1575, 1576, 1580, 1581, 1582, 1587, 1588, 1588, 1589, 1592, 1594, 1597, 1612]
30 ranges: 1570.0 cm [1534 ... 1612]


# 29: 00000001EBEE -> 1550 cm @ -43 dbm / 0.0 ms
Good values: [1542, 1544, 1547, 1549, 1550, 1552, 1552, 1556, 1557, 1558, 1558, 1563, 1564, 1567, 1568, 1570, 1575, 1576, 1576, 1579, 1583, 1585, 1585, 1586]
24 ranges: 1564.2 cm [1542 ... 1586]
All values : [1515, 1535, 1541, 1542, 1544, 1547, 1549, 1550, 1552, 1552, 1556, 1557, 1558, 1558, 1563, 1564, 1567, 1568, 1570, 1575, 1576, 1576, 1579, 1583, 1585, 1585, 1586, 1587, 1593, 1608]

# 29: 00000001EBEE -> 1613 cm @ -45 dbm / 0.0 ms
Good values: [1552, 1556, 1558, 1558, 1558, 1560, 1560, 1560, 1567, 1567, 1568, 1569, 1571, 1572, 1573, 1574, 1575, 1577, 1580, 1581, 1581, 1584, 1591, 1603]
24 ranges: 1570.6 cm [1552 ... 1603]
All values : [1534, 1535, 1539, 1552, 1556, 1558, 1558, 1558, 1560, 1560, 1560, 1567, 1567, 1568, 1569, 1571, 1572, 1573, 1574, 1575, 1577, 1580, 1581, 1581, 1584, 1591, 1603, 1613, 1632]
30 ranges: 1518.3 cm [1534 ... 1632]


with offset:400
Good values: [1177, 1191, 1193, 1193, 1195, 1199, 1203, 1205, 1206, 1211, 1211, 1212, 1212, 1215, 1217, 1217, 1218, 1220, 1222, 1223, 1225, 1227, 1230, 1230]
24 ranges: 1210.5 cm [1177 ... 1230]
All values : [1172, 1172, 1177, 1177, 1191, 1193, 1193, 1195, 1199, 1203, 1205, 1206, 1211, 1211, 1212, 1212, 1215, 1217, 1217, 1218, 1220, 1222, 1223, 1225, 1227, 1230, 1230, 1240, 1243, 1245]
30 ranges: 1210.0 cm [1172 ... 1245]



Good values: [1167, 1168, 1169, 1170, 1176, 1179, 1179, 1179, 1181, 1181, 1185, 1185, 1186, 1190, 1190, 1191, 1194, 1194, 1198, 1198, 1200, 1204, 1204, 1220]
24 ranges: 1187.0 cm [1167 ... 1220]
All values : [1153, 1155, 1162, 1167, 1168, 1169, 1170, 1176, 1179, 1179, 1179, 1181, 1181, 1185, 1185, 1186, 1190, 1190, 1191, 1194, 1194, 1198, 1198, 1200, 1204, 1204, 1220, 1220, 1221, 1235]
30 ranges: 1187.8 cm [1153 ... 1235]


Good values: [1161, 1165, 1167, 1167, 1167, 1170, 1171, 1174, 1180, 1181, 1182, 1185, 1189, 1190, 1190, 1191, 1192, 1193, 1194, 1195, 1196, 1197, 1202, 1209]
24 ranges: 1183.7 cm [1161 ... 1209]
All values : [1143, 1158, 1160, 1161, 1165, 1167, 1167, 1167, 1170, 1171, 1174, 1180, 1181, 1182, 1185, 1189, 1190, 1190, 1191, 1192, 1193, 1194, 1195, 1196, 1197, 1202, 1209, 1211, 1221, 1232]
30 ranges: 1184.4 cm [1143 ... 1232]

TARGET:00000001EB82

Good values: [1718, 1773, 1786, 1812, 1837, 1989, 2056, 2087, 2330, 2424, 2560, 2586, 2655, 2689, 2691, 2692, 2697, 2706, 2741, 2757, 2772, 2778, 2879, 2963]
24 ranges: 2415.8 cm [1718 ... 2963]
All values : [1622, 1631, 1653, 1718, 1773, 1786, 1812, 1837, 1989, 2056, 2087, 2330, 2424, 2560, 2586, 2655, 2689, 2691, 2692, 2697, 2706, 2741, 2757, 2772, 2778, 2879, 2963, 3007, 3017, 3319]
30 ranges: 2407.6 cm [1622 ... 3319]


Good values: [1611, 1617, 1626, 1649, 1654, 1664, 1676, 1676, 1680, 1697, 1725, 1785, 1790, 1900, 1957, 1994, 2027, 2247, 2256, 2379, 2510, 2587, 2709, 2796]
24 ranges: 1967.2 cm [1611 ... 2796]
All values : [1549, 1561, 1593, 1611, 1617, 1626, 1649, 1654, 1664, 1676, 1676, 1680, 1697, 1725, 1785, 1790, 1900, 1957, 1994, 2027, 2247, 2256, 2379, 2510, 2587, 2709, 2796, 2894]
30 ranges: 1827.0 cm [1549 ... 2894]


Good values: [1668, 1672, 1681, 1690, 1717, 1721, 1731, 1737, 1742, 1767, 1803, 1863, 1904, 1925, 1937, 2060, 2067, 2257, 2559, 2564, 2669, 2678, 2699, 2714]
24 ranges: 2034.4 cm [1668 ... 2714]
All values : [1547, 1659, 1663, 1668, 1672, 1681, 1690, 1717, 1721, 1731, 1737, 1742, 1767, 1803, 1863, 1904, 1925, 1937, 2060, 2067, 2257, 2559, 2564, 2669, 2678, 2699, 2714, 2729, 2943, 2985]
30 ranges: 2078.4 cm [1547 ... 2985]



Good values: [1597, 1601, 1604, 1620, 1704, 1716, 1764, 1785, 1904, 2019, 2071, 2072, 2125, 2180, 2201, 2299, 2330, 2353, 2434, 2440, 2539, 2578, 2614, 2632]
24 ranges: 2090.9 cm [1597 ... 2632]
All values : [1503, 1542, 1594, 1597, 1601, 1604, 1620, 1704, 1716, 1764, 1785, 1904, 2019, 2071, 2072, 2125, 2180, 2201, 2299, 2330, 2353, 2434, 2440, 2539, 2578, 2614, 2632, 2660, 2741, 2772]
30 ranges: 2099.8 cm [1503 ... 2772]

-------------------------------
Good values: [2349, 2380, 2403, 2431, 2453, 2487, 2499, 2517, 2519, 2522, 2546, 2573, 2604, 2609, 2628, 2629, 2677, 2686, 2702, 2733, 2765, 2793, 2801, 2817, 2879, 2894, 2938, 2953, 3014, 3018, 3023, 3050, 3089, 3103, 3122, 3137]
36 ranges: 2731.8 cm [2349 ... 3137]
All values : [1780, 1854, 1865, 1973, 1979, 2106, 2137, 2170, 2228, 2260, 2267, 2340, 2349, 2380, 2403, 2431, 2453, 2487, 2499, 2517, 2519, 2522, 2546, 2573, 2604, 2609, 2628, 2629, 2677, 2686, 2702, 2733, 2765, 2793, 2801, 2817, 2879, 2894, 2938, 2953, 3014, 3018, 3023, 3050, 3089, 3103, 3122, 3137, 3170, 3182, 3213, 3278, 3319]
60 ranges: 2324.4 cm [1780 ... 3319]



Good values: [1764, 1813, 1814, 1817, 1821, 1822, 1833, 1835, 1856, 1860, 1862, 1893, 1908, 1919, 1923, 1925, 1932, 1941, 1977, 1979, 1982, 1986, 2000, 2033, 2033, 2037, 2040, 2058, 2061, 2061, 2080, 2097, 2102, 2153, 2178, 2181]
36 ranges: 1960.4 cm [1764 ... 2181]
All values : [1698, 1707, 1713, 1716, 1718, 1722, 1727, 1735, 1739, 1740, 1744, 1748, 1764, 1813, 1814, 1817, 1821, 1822, 1833, 1835, 1856, 1860, 1862, 1893, 1908, 1919, 1923, 1925, 1932, 1941, 1977, 1979, 1982, 1986, 2000, 2033, 2033, 2037, 2040, 2058, 2061, 2061, 2080, 2097, 2102, 2153, 2178, 2181, 2184, 2216, 2245, 2371, 2464, 2517]
60 ranges: 1754.7 cm [1698 ... 2517]

Good values: [1888, 1905, 1906, 1911, 1938, 1941, 1959, 1960, 1970, 1972, 1977, 1978, 1988, 2001, 2002, 2006, 2022, 2029, 2043, 2051, 2060, 2073, 2077, 2078, 2089, 2117, 2136, 2166, 2172, 2177, 2188, 2192, 2243, 2275, 2295, 2325]
36 ranges: 2058.6 cm [1888 ... 2325]
All values : [1697, 1762, 1773, 1784, 1795, 1801, 1847, 1868, 1869, 1881, 1883, 1887, 1888, 1905, 1906, 1911, 1938, 1941, 1959, 1960, 1970, 1972, 1977, 1978, 1988, 2001, 2002, 2006, 2022, 2029, 2043, 2051, 2060, 2073, 2077, 2078, 2089, 2117, 2136, 2166, 2172, 2177, 2188, 2192, 2243, 2275, 2295, 2325, 2329, 2334, 2352, 2386, 2484, 2551]
60 ranges: 1839.9 cm [1697 ... 2551]



Good values: [662, 663, 674, 674, 688, 693, 700, 705, 706, 707, 714, 727, 754, 765, 776, 779, 797, 800, 807, 826, 850, 852, 871, 875, 891, 892, 901, 915, 915, 942, 943, 946, 956, 958, 961, 962]
36 ranges: 812.4 cm [662 ... 962]
All values : [564, 568, 568, 590, 590, 615, 640, 641, 646, 653, 655, 656, 662, 663, 674, 674, 688, 693, 700, 705, 706, 707, 714, 727, 754, 765, 776, 779, 797, 800, 807, 826, 850, 852, 871, 875, 891, 892, 901, 915, 915, 942, 943, 946, 956, 958, 961, 962, 964, 965, 993, 994, 1062, 1073, 1076, 1101, 1105, 1223, 1316]
60 ranges: 808.4 cm [564 ... 1316]


Good values: [696, 705, 706, 708, 724, 724, 729, 769, 784, 818, 838, 893, 905, 930, 975, 987, 1001, 1047, 1098, 1107, 1122, 1128, 1150, 1161, 1250, 1397, 1403, 1461, 1464, 1612, 1721, 1742, 1744, 1877, 1920, 1938]
36 ranges: 1145.4 cm [696 ... 1938]
All values : [485, 489, 497, 553, 560, 573, 573, 592, 642, 647, 658, 693, 696, 705, 706, 708, 724, 724, 729, 769, 784, 818, 838, 893, 905, 930, 975, 987, 1001, 1047, 1098, 1107, 1122, 1128, 1150, 1161, 1250, 1397, 1403, 1461, 1464, 1612, 1721, 1742, 1744, 1877, 1920, 1938]
60 ranges: 803.3 cm [485 ... 1938]


Good values: [814, 901, 990, 1156, 1163, 1237, 1298, 1335, 1392, 1485, 1529, 1545, 1555, 1561, 1564, 1586, 1595, 1597, 1628, 1630, 1682, 1684, 1712, 1712, 1742, 1745, 1770, 1785, 1798, 1816, 1835, 1844, 1853, 1858, 1865, 1870]
36 ranges: 1559.2 cm [814 ... 1870]
All values : [513, 533, 549, 622, 651, 684, 688, 700, 769, 795, 796, 797, 814, 901, 990, 1156, 1163, 1237, 1298, 1335, 1392, 1485, 1529, 1545, 1555, 1561, 1564, 1586, 1595, 1597, 1628, 1630, 1682, 1684, 1712, 1712, 1742, 1745, 1770, 1785, 1798, 1816, 1835, 1844, 1853, 1858, 1865, 1870, 1872, 1880, 1881, 1881, 1944, 1969, 2040, 2055, 2074, 2089, 2150]
60 ranges: 1434.4 cm [513 ... 2150]




AFTER_--------


Good values: [2099, 2114, 2123, 2129, 2129, 2135, 2137, 2144, 2152, 2169, 2181, 2184, 2184, 2192, 2197, 2202, 2204, 2207, 2209, 2211, 2211, 2213, 2214, 2222, 2230, 2231, 2236, 2236, 2237, 2237, 2237, 2238, 2239, 2242, 2246, 2246]
36 ranges: 2194.9 cm [2099 ... 2246]
All values : [848, 967, 1396, 1421, 1628, 1694, 1760, 1997, 2013, 2024, 2057, 2086, 2099, 2114, 2123, 2129, 2129, 2135, 2137, 2144, 2152, 2169, 2181, 2184, 2184, 2192, 2197, 2202, 2204, 2207, 2209, 2211, 2211, 2213, 2214, 2222, 2230, 2231, 2236, 2236, 2237, 2237, 2237, 2238, 2239, 2242, 2246, 2246, 2258, 2265, 2269, 2273, 2276, 2283, 2285, 2285, 2286, 2289, 2302]
60 ranges: 2066.3 cm [848 ... 2302]




offset:1500
# 59: 00000001EB82 -> 1247 cm @ -53 dbm / 0.0 ms
Good values: [317, 360, 381, 418, 454, 460, 501, 556, 570, 622, 626, 921, 927, 943, 1052, 1076, 1096, 1183, 1206, 1220, 1247, 1266, 1289, 1293, 1298, 1315, 1316, 1319, 1352, 1356, 1365, 1366, 1370, 1382, 1388, 1392]
36 ranges: 1005.6 cm [317 ... 1392]
All values : [143, 210, 232, 233, 244, 266, 277, 278, 287, 290, 290, 294, 317, 360, 381, 418, 454, 460, 501, 556, 570, 622, 626, 921, 927, 943, 1052, 1076, 1096, 1183, 1206, 1220, 1247, 1266, 1289, 1293, 1298, 1315, 1316, 1319, 1352, 1356, 1365, 1366, 1370, 1382, 1388, 1392, 1393, 1405, 1412, 1414, 1415, 1438, 1444, 1445, 1448, 1455, 1487, 1667]
60 ranges: 944.5 cm [143 ... 1667]


Good values: [278, 296, 301, 304, 310, 319, 335, 349, 353, 358, 368, 377, 410, 450, 456, 460, 524, 749, 751, 765, 831, 858, 889, 902, 902, 972, 975, 1000, 1062, 1085, 1168, 1217, 1218, 1227, 1235, 1306]
36 ranges: 704.4 cm [278 ... 1306]
All values : [108, 120, 121, 127, 162, 162, 166, 168, 168, 171, 173, 248, 278, 296, 301, 304, 310, 319, 335, 349, 353, 358, 368, 377, 410, 450, 456, 460, 524, 749, 751, 765, 831, 858, 889, 902, 902, 972, 975, 1000, 1062, 1085, 1168, 1217, 1218, 1227, 1235, 1306, 1352, 1385, 1414, 1475, 1478, 1521, 1575, 1605, 1644, 1647, 1753, 1861]
60 ranges: 766.1 cm [108 ... 1861]

Good values: [632, 648, 663, 666, 672, 722, 723, 739, 742, 801, 826, 833, 836, 844, 974, 988, 1004, 1013, 1018, 1021, 1027, 1035, 1065, 1100, 1108, 1170, 1200, 1227, 1227, 1245, 1293, 1350, 1361, 1408, 1449, 1458]
36 ranges: 1002.4 cm [632 ... 1458]
All values : [374, 401, 434, 454, 461, 483, 511, 511, 524, 546, 586, 619, 632, 648, 663, 666, 672, 722, 723, 739, 742, 801, 826, 833, 836, 844, 974, 988, 1004, 1013, 1018, 1021, 1027, 1035, 1065, 1100, 1108, 1170, 1200, 1227, 1227, 1245, 1293, 1350, 1361, 1408, 1449, 1458, 1460, 1474, 1476, 1483, 1512, 1521, 1545, 1559, 1583, 1589, 1672, 1732]
60 ranges: 1010.0 cm [374 ... 1732]


















FINAL AFTER CALIBRATION

TArget:Target=00_00_00_01_F0_84
offset: 480

Good values: [972, 973, 974, 978, 978, 980, 981, 981, 982, 982, 982, 989, 989, 993, 996, 999, 1000, 1004, 1006, 1006, 1014, 1036, 1053, 1068]
24 ranges: 996.5 cm [972 ... 1068]
All values : [943, 967, 969, 972, 973, 974, 978, 978, 980, 981, 981, 982, 982, 982, 989, 989, 993, 996, 999, 1000, 1004, 1006, 1006, 1014, 1036, 1053, 1068, 1090, 1287, 2298]
30 ranges: 1049.0 cm [943 ... 2298]

Good values: [1098, 1136, 1143, 1148, 1150, 1156, 1165, 1176, 1178, 1183, 1187, 1190, 1205, 1206, 1219, 1225, 1234, 1245, 1252, 1252, 1261, 1272, 1277, 1305]
24 ranges: 1202.6 cm [1098 ... 1305]
All values : [1001, 1050, 1095, 1098, 1136, 1143, 1148, 1150, 1156, 1165, 1176, 1178, 1183, 1187, 1190, 1205, 1206, 1219, 1225, 1234, 1245, 1252, 1252, 1261, 1272, 1277, 1305, 1309, 1397]
30 ranges: 1157.2 cm [1001 ... 1397]


Good values: [1280, 1285, 1287, 1300, 1303, 1306, 1310, 1310, 1314, 1319, 1320, 1320, 1321, 1323, 1324, 1324, 1327, 1328, 1341, 1346, 1347, 1353, 1353, 1359]
24 ranges: 1320.8 cm [1280 ... 1359]
All values : [1256, 1268, 1277, 1280, 1285, 1287, 1300, 1303, 1306, 1310, 1310, 1314, 1319, 1320, 1320, 1321, 1323, 1324, 1324, 1327, 1328, 1341, 1346, 1347, 1353, 1353, 1359, 1399]
30 ranges: 1230.0 cm [1256 ... 1399]


# 29: 00000001F084 -> 1036 cm @ -53 dbm / 0.0 ms
Good values: [927, 930, 947, 948, 949, 949, 954, 959, 964, 964, 966, 968, 969, 974, 980, 980, 987, 995, 995, 999, 1014, 1017, 1020, 1036]
24 ranges: 974.6 cm [927 ... 1036]
All values : [899, 912, 923, 927, 930, 947, 948, 949, 949, 954, 959, 964, 964, 966, 968, 969, 974, 980, 980, 987, 995, 995, 999, 1014, 1017, 1020, 1036]
30 ranges: 870.8 cm [899 ... 1036]


Good values: [1545, 1593, 1719, 1800, 1838, 1924, 2024, 2142, 2470, 2581, 2603, 2901]
24 ranges: 1047.5 cm [1545 ... 2901]
All values : [1356, 1465, 1521, 1545, 1593, 1719, 1800, 1838, 1924, 2024, 2142, 2470, 2581, 2603, 2901]
30 ranges: 982.7 cm [1356 ... 2901]


TArget:Target=00_00_00_01_F0_84
offset: 480

Good values: [1071, 1074, 1078, 1081, 1082, 1084, 1086, 1087, 1090, 1090, 1091, 1093, 1095, 1100, 1102, 1105, 1105, 1105, 1106, 1114, 1114, 1119, 1119, 1120]
24 ranges: 1096.3 cm [1071 ... 1120]
All values : [1065, 1068, 1068, 1071, 1074, 1078, 1081, 1082, 1084, 1086, 1087, 1090, 1090, 1091, 1093, 1095, 1100, 1102, 1105, 1105, 1105, 1106, 1114, 1114, 1119, 1119, 1120, 1124, 1127, 1149]
30 ranges: 1097.1 cm [1065 ... 1149]


Good values: [1072, 1078, 1081, 1082, 1082, 1084, 1086, 1091, 1095, 1098, 1099, 1099, 1101, 1102, 1103, 1104, 1104, 1104, 1106, 1109, 1111, 1123, 1136, 1139]
24 ranges: 1099.5 cm [1072 ... 1139]
All values : [1060, 1064, 1068, 1072, 1078, 1081, 1082, 1082, 1084, 1086, 1091, 1095, 1098, 1099, 1099, 1101, 1102, 1103, 1104, 1104, 1104, 1106, 1109, 1111, 1123, 1136, 1139, 1143, 1154]
30 ranges: 1062.6 cm [1060 ... 1154]


Good values: [1074, 1077, 1077, 1078, 1083, 1084, 1085, 1088, 1090, 1090, 1091, 1092, 1094, 1099, 1099, 1100, 1101, 1102, 1103, 1103, 1110, 1115, 1123, 1127]
24 ranges: 1095.2 cm [1074 ... 1127]
All values : [1058, 1064, 1068, 1074, 1077, 1077, 1078, 1083, 1084, 1085, 1088, 1090, 1090, 1091, 1092, 1094, 1099, 1099, 1100, 1101, 1102, 1103, 1103, 1110, 1115, 1123, 1127, 1131, 1132, 1133]
30 ranges: 1095.7 cm [1058 ... 1133]

TArget:Target=Target=00_00_00_01_EB_82
offset: 1500


##### F2DC--offset calculation
Good values: [1156, 1157, 1159, 1159, 1159, 1160, 1168, 1169, 1169, 1173, 1178, 1180, 1181, 1182, 1182, 1185, 1187, 1188, 1188, 1192, 1192, 1196, 1196, 1202]
24 ranges: 1177.4 cm [1156 ... 1202]
All values : [1145, 1145, 1155, 1156, 1157, 1159, 1159, 1159, 1160, 1168, 1169, 1169, 1173, 1178, 1180, 1181, 1182, 1182, 1185, 1187, 1188, 1188, 1192, 1192, 1196, 1196, 1202, 1202, 1205, 1211]
30 ranges: 1177.4 cm [1145 ... 1211]


Good values: [1148, 1148, 1152, 1154, 1156, 1156, 1161, 1162, 1163, 1164, 1165, 1166, 1167, 1168, 1168, 1168, 1168, 1168, 1172, 1176, 1186, 1187, 1192, 1193]
24 ranges: 1167.0 cm [1148 ... 1193]
All values : [1135, 1136, 1144, 1148, 1148, 1152, 1154, 1156, 1156, 1161, 1162, 1163, 1164, 1165, 1166, 1167, 1168, 1168, 1168, 1168, 1168, 1172, 1176, 1186, 1187, 1192, 1193, 1197, 1199, 1210]
30 ranges: 1167.6 cm [1135 ... 1210]

Good values: [1149, 1151, 1153, 1155, 1156, 1160, 1166, 1166, 1167, 1170, 1171, 1179, 1179, 1179, 1180, 1181, 1184, 1186, 1186, 1187, 1188, 1189, 1190, 1195]
24 ranges: 1173.6 cm [1149 ... 1195]
All values : [1128, 1140, 1145, 1149, 1151, 1153, 1155, 1156, 1160, 1166, 1166, 1167, 1170, 1171, 1179, 1179, 1179, 1180, 1181, 1184, 1186, 1186, 1187, 1188, 1189, 1190, 1195, 1204, 1206, 1213]
30 ranges: 1173.4 cm [1128 ... 1213]



calculated offset: 125

Good values: [1022, 1022, 1027, 1028, 1029, 1030, 1034, 1034, 1035, 1035, 1040, 1042, 1042, 1043, 1047, 1048, 1053, 1053, 1053, 1062, 1065, 1066, 1066, 1075]
24 ranges: 1043.8 cm [1022 ... 1075]
All values : [1003, 1016, 1019, 1022, 1022, 1027, 1028, 1029, 1030, 1034, 1034, 1035, 1035, 1040, 1042, 1042, 1043, 1047, 1048, 1053, 1053, 1053, 1062, 1065, 1066, 1066, 1075, 1081, 1082, 1101]
30 ranges: 1045.1 cm [1003 ... 1101]

Good values: [991, 996, 997, 997, 1000, 1010, 1011, 1013, 1015, 1016, 1017, 1017, 1019, 1021, 1022, 1025, 1027, 1030, 1035, 1036, 1038, 1043, 1045, 1055]
24 ranges: 1019.8 cm [991 ... 1055]
All values : [975, 985, 987, 991, 996, 997, 997, 1000, 1010, 1011, 1013, 1015, 1016, 1017, 1017, 1019, 1021, 1022, 1025, 1027, 1030, 1035, 1036, 1038, 1043, 1045, 1055, 1061, 1071, 1072]
30 ranges: 1020.9 cm [975 ... 1072]

Good values: [1003, 1008, 1009, 1016, 1017, 1022, 1025, 1025, 1029, 1031, 1031, 1038, 1040, 1040, 1047, 1047, 1048, 1048, 1048, 1054, 1055, 1061, 1061, 1067]
24 ranges: 1036.2 cm [1003 ... 1067]
All values : [988, 994, 999, 1003, 1008, 1009, 1016, 1017, 1022, 1025, 1025, 1029, 1031, 1031, 1038, 1040, 1040, 1047, 1047, 1048, 1048, 1048, 1054, 1055, 1061, 1061, 1067, 1070, 1071, 1076]
30 ranges: 1035.6 cm [988 ... 1076]

distance d2----final


Good values: [1011, 1029, 1042, 1074, 1117, 1127, 1255, 1308, 1341, 1343, 1354, 1355, 1551, 1595, 1626, 1664, 1671, 1683, 1688, 1689, 1692, 1692, 1696, 1703]
24 ranges: 1429.4 cm [1011 ... 1703]
All values : [938, 982, 1003, 1011, 1029, 1042, 1074, 1117, 1127, 1255, 1308, 1341, 1343, 1354, 1355, 1551, 1595, 1626, 1664, 1671, 1683, 1688, 1689, 1692, 1692, 1696, 1703, 1708, 1740, 1769]
30 ranges: 1414.9 cm [938 ... 1769]

Good values: [975, 981, 984, 991, 997, 1002, 1007, 1007, 1012, 1012, 1013, 1019, 1019, 1024, 1029, 1035, 1038, 1041, 1047, 1053, 1061, 1062, 1072, 1083]
24 ranges: 1023.5 cm [975 ... 1083]
All values : [923, 966, 968, 975, 981, 984, 991, 997, 1002, 1007, 1007, 1012, 1012, 1013, 1019, 1019, 1024, 1029, 1035, 1038, 1041, 1047, 1053, 1061, 1062, 1072, 1083, 1083, 1125, 1129]
30 ranges: 1025.3 cm [923 ... 1129]


Good values: [905, 907, 908, 920, 931, 937, 937, 940, 943, 957, 961, 962, 965, 968, 968, 968, 987, 994, 1005, 1010, 1012, 1015, 1024, 1050]
24 ranges: 965.6 cm [905 ... 1050]
All values : [886, 892, 894, 905, 907, 908, 920, 931, 937, 937, 940, 943, 957, 961, 962, 965, 968, 968, 968, 987, 994, 1005, 1010, 1012, 1015, 1024, 1050, 1074, 1125, 1158]
30 ranges: 973.4 cm [886 ... 1158]


Good values: [984, 993, 999, 1005, 1007, 1008, 1013, 1019, 1031, 1034, 1040, 1189, 1236, 1287, 1309, 1353, 1560, 1682, 1688, 1703, 1720, 1760, 1774, 1784]
24 ranges: 1299.1 cm [984 ... 1784]
All values : [952, 971, 978, 984, 993, 999, 1005, 1007, 1008, 1013, 1019, 1031, 1034, 1040, 1189, 1236, 1287, 1309, 1353, 1560, 1682, 1688, 1703, 1720, 1760, 1774, 1784, 1789, 1811, 1835]
30 ranges: 1317.1 cm [952 ... 1835]

Good values: [953, 953, 963, 965, 968, 969, 975, 975, 988, 988, 992, 992, 997, 1000, 1016, 1022, 1030, 1045, 1070, 1111, 1196, 1217, 1300, 1312]
24 ranges: 1041.5 cm [953 ... 1312]
All values : [941, 944, 946, 953, 953, 963, 965, 968, 969, 975, 975, 988, 988, 992, 992, 997, 1000, 1016, 1022, 1030, 1045, 1070, 1111, 1196, 1217, 1300, 1312, 1582, 1673, 1699]
30 ranges: 1092.7 cm [941 ... 1699]



########FINAL CUMULATIVE CODE


